11
EF437567.1_Neofelis_nebulosa 0.0000000 0.0000010 0.0091168 0.0967877 0.0967877 0.2661848 0.2590379 0.2366838 0.2696409 0.3200173 0.2700019 
EF437568.1_Neofelis_nebulosa 0.0000010 0.0000000 0.0091168 0.0967877 0.0967877 0.2661848 0.2590379 0.2366838 0.2696409 0.3200173 0.2700019 
EF437571.1_Neofelis_nebulosa 0.0091168 0.0091168 0.0000000 0.1090538 0.1090538 0.2848214 0.2769648 0.2544367 0.2874924 0.3418161 0.2902705 
EF437572.1_Neofelis_diardi   0.0967877 0.0967877 0.1090538 0.0000000 0.0000010 0.2739880 0.2650135 0.2820973 0.2774118 0.3353038 0.2789575 
EF437573.1_Neofelis_diardi   0.0967877 0.0967877 0.1090538 0.0000010 0.0000000 0.2739880 0.2650135 0.2820973 0.2774118 0.3353038 0.2789575 
EF437581.1_Panthera_onca     0.2661848 0.2661848 0.2848214 0.2739880 0.2739880 0.0000000 0.0533273 0.0804819 0.0304455 0.1521317 0.2152679 
EF437583.1_Uncia_uncia       0.2590379 0.2590379 0.2769648 0.2650135 0.2650135 0.0533273 0.0000000 0.0906039 0.0625431 0.1799933 0.2490806 
EF437585.1_Panthera_leo      0.2366838 0.2366838 0.2544367 0.2820973 0.2820973 0.0804819 0.0906039 0.0000000 0.0896897 0.1375821 0.2170532 
EF437587.1_Panthera_tigris   0.2696409 0.2696409 0.2874924 0.2774118 0.2774118 0.0304455 0.0625431 0.0896897 0.0000000 0.1599451 0.2214573 
EF437589.1_Panthera_pardus   0.3200173 0.3200173 0.3418161 0.3353038 0.3353038 0.1521317 0.1799933 0.1375821 0.1599451 0.0000000 0.1500795 
EF437591.1_Felis_catus       0.2700019 0.2700019 0.2902705 0.2789575 0.2789575 0.2152679 0.2490806 0.2170532 0.2214573 0.1500795 0.0000000 
