10
SUP35_Kla_AB039749                     0.0000000 5.6681978 6.1723924 6.1313216 6.9352701 6.1986762 5.3325135 6.1287049 6.7673771 5.7822838 
SUP35_Agos_ATCC_10895_NM_211584        5.6681978 0.0000000 8.5843498 8.5108191 8.9999983 8.5740648 7.9777045 8.9999981 8.9999984 8.9999982 
SUP35_Scer_74-D694_GCA_001578265.1     6.1723924 8.5843498 0.0000000 0.0018531 0.0009682 0.1873210 0.3929920 0.5520898 0.5531933 0.6720886 
SUP35_Sbou_unique28_CM003560           6.1313216 8.5108191 0.0018531 0.0000000 0.0009673 0.1869824 0.3923425 0.5513560 0.5588939 0.6713738 
SUP35_Scer_beer078_CM005938            6.9352701 8.9999983 0.0009682 0.0009673 0.0000000 0.1860457 0.3929843 0.5547934 0.5510333 0.6647583 
SUP35_Spar_A12_Liti                    6.1986762 8.5740648 0.1873210 0.1869824 0.1860457 0.0000000 0.3472409 0.4807712 0.5198994 0.6181660 
SUP35_Smik_IFO1815T_30                 5.3325135 7.9777045 0.3929920 0.3923425 0.3929843 0.3472409 0.0000000 0.4900324 0.5424340 0.5961061 
SUP35_Sarb_H-6_chrXIII_CM001575        6.1287049 8.9999981 0.5520898 0.5513560 0.5547934 0.4807712 0.4900324 0.0000000 0.5326981 0.4790003 
SUP35_Skud_IFO1802T_36                 6.7673771 8.9999984 0.5531933 0.5588939 0.5510333 0.5198994 0.5424340 0.5326981 0.0000000 0.5487101 
SUP35_Seub_CBS12357_chr_II_IV_DF968535 5.7822838 8.9999982 0.6720886 0.6713738 0.6647583 0.6181660 0.5961061 0.4790003 0.5487101 0.0000000 
