10
SUP35_Kla_AB039749                     0.0000000 5.5738031 6.2060550 6.1661304 6.9945418 6.2118777 5.3677993 6.2117060 6.8161245 5.8559713 
SUP35_Agos_ATCC_10895_NM_211584        5.5738031 0.0000000 8.3709395 8.3024746 8.9999981 8.4172193 7.7657807 8.9999985 8.9999982 8.9999982 
SUP35_Scer_74-D694_GCA_001578265.1     6.2060550 8.3709395 0.0000000 0.0018534 0.0009685 0.1841065 0.3901888 0.5545879 0.5518924 0.6765231 
SUP35_Sbou_unique28_CM003560           6.1661304 8.3024746 0.0018534 0.0000000 0.0009675 0.1837664 0.3895035 0.5537687 0.5575352 0.6756847 
SUP35_Scer_beer078_CM005938            6.9945418 8.9999981 0.0009685 0.0009675 0.0000000 0.1822841 0.3887944 0.5549789 0.5487580 0.6654713 
SUP35_Spar_A12_Liti                    6.2118777 8.4172193 0.1841065 0.1837664 0.1822841 0.0000000 0.3457136 0.4818414 0.5228704 0.6264287 
SUP35_Smik_IFO1815T_30                 5.3677993 7.7657807 0.3901888 0.3895035 0.3887944 0.3457136 0.0000000 0.4917982 0.5438195 0.6037193 
SUP35_Sarb_H-6_chrXIII_CM001575        6.2117060 8.9999985 0.5545879 0.5537687 0.5549789 0.4818414 0.4917982 0.0000000 0.5342203 0.4833912 
SUP35_Skud_IFO1802T_36                 6.8161245 8.9999982 0.5518924 0.5575352 0.5487580 0.5228704 0.5438195 0.5342203 0.0000000 0.5541543 
SUP35_Seub_CBS12357_chr_II_IV_DF968535 5.8559713 8.9999982 0.6765231 0.6756847 0.6654713 0.6264287 0.6037193 0.4833912 0.5541543 0.0000000 
