10
SUP35_Kla_AB039749                     0.0000000 0.9103044 1.0416743 1.0372166 1.0970191 1.0283800 0.9733478 1.0283800 1.0790210 0.9966321 
SUP35_Agos_ATCC_10895_NM_211584        0.9103044 0.0000000 1.1596270 1.1540404 1.2811290 1.1429905 1.1003504 1.2615803 1.2734824 1.3428976 
SUP35_Scer_74-D694_GCA_001578265.1     1.0416743 1.1596270 0.0000000 0.0018697 0.0009859 0.1431414 0.2711912 0.3286439 0.3384448 0.3886304 
SUP35_Sbou_unique28_CM003560           1.0372166 1.1540404 0.0018697 0.0000000 0.0009859 0.1431414 0.2711912 0.3286439 0.3414418 0.3886304 
SUP35_Scer_beer078_CM005938            1.0970191 1.2811290 0.0009859 0.0009859 0.0000000 0.1436589 0.2725847 0.3351377 0.3440411 0.3863345 
SUP35_Spar_A12_Liti                    1.0283800 1.1429905 0.1431414 0.1431414 0.1436589 0.0000000 0.2458667 0.3012633 0.3324865 0.3646155 
SUP35_Smik_IFO1815T_30                 0.9733478 1.1003504 0.2711912 0.2711912 0.2725847 0.2458667 0.0000000 0.3098023 0.3489872 0.3677734 
SUP35_Sarb_H-6_chrXIII_CM001575        1.0283800 1.2615803 0.3286439 0.3286439 0.3351377 0.3012633 0.3098023 0.0000000 0.3307116 0.3110552 
SUP35_Skud_IFO1802T_36                 1.0790210 1.2734824 0.3384448 0.3414418 0.3440411 0.3324865 0.3489872 0.3307116 0.0000000 0.3359229 
SUP35_Seub_CBS12357_chr_II_IV_DF968535 0.9966321 1.3428976 0.3886304 0.3886304 0.3863345 0.3646155 0.3677734 0.3110552 0.3359229 0.0000000 
