10
SUP35_Kla_AB039749                     0.0000000 5.5931006 6.2258596 6.1858550 7.0174354 6.2323917 5.3852754 6.2315450 6.8379823 5.8746972 
SUP35_Agos_ATCC_10895_NM_211584        5.5931006 0.0000000 8.4003133 8.3316346 8.9999982 8.4476418 7.7936782 8.9999987 8.9999982 8.9999983 
SUP35_Scer_74-D694_GCA_001578265.1     6.2258596 8.4003133 0.0000000 0.0018531 0.0009683 0.1843034 0.3907731 0.5555371 0.5528917 0.6778691 
SUP35_Sbou_unique28_CM003560           6.1858550 8.3316346 0.0018531 0.0000000 0.0009673 0.1839609 0.3900840 0.5547149 0.5585443 0.6770284 
SUP35_Scer_beer078_CM005938            7.0174354 8.9999982 0.0009683 0.0009673 0.0000000 0.1824792 0.3893857 0.5559262 0.5497351 0.6668002 
SUP35_Spar_A12_Liti                    6.2323917 8.4476418 0.1843034 0.1839609 0.1824792 0.0000000 0.3462186 0.4826243 0.5236990 0.6276461 
SUP35_Smik_IFO1815T_30                 5.3852754 7.7936782 0.3907731 0.3900840 0.3893857 0.3462186 0.0000000 0.4926310 0.5446941 0.6048691 
SUP35_Sarb_H-6_chrXIII_CM001575        6.2315450 8.9999987 0.5555371 0.5547149 0.5559262 0.4826243 0.4926310 0.0000000 0.5351234 0.4841793 
SUP35_Skud_IFO1802T_36                 6.8379823 8.9999982 0.5528917 0.5585443 0.5497351 0.5236990 0.5446941 0.5351234 0.0000000 0.5551848 
SUP35_Seub_CBS12357_chr_II_IV_DF968535 5.8746972 8.9999983 0.6778691 0.6770284 0.6668002 0.6276461 0.6048691 0.4841793 0.5551848 0.0000000 
